popt,pcov
[0.01656817 1.58676168 0.15768882],"[[ 2.18161190e-07 -5.22653028e-09 -1.39414894e-06]
 [-5.22653028e-09  2.63190398e-05  1.15108835e-07]
 [-1.39414894e-06  1.15108835e-07  2.65798303e-05]]"
[0.01547419 1.46517245 0.1614271 ],"[[ 2.24827493e-07 -1.57324296e-10 -1.56389901e-06]
 [-1.57324296e-10  3.26179607e-05  3.59802814e-09]
 [-1.56389901e-06  3.59802814e-09  3.26288530e-05]]"
[ 0.01513381  1.37137492 -0.16412645],"[[ 1.68673953e-07 -3.99042461e-12  1.21958568e-06]
 [-3.99042461e-12  2.64538392e-05 -9.45228128e-11]
 [ 1.21958568e-06 -9.45228128e-11  2.64541832e-05]]"
[ 0.01554194  1.27381815 -0.1543714 ],"[[1.98746896e-07 1.59758674e-13 1.31611918e-06]
 [1.59758674e-13 2.61463646e-05 1.54357822e-12]
 [1.31611918e-06 1.54357822e-12 2.61463654e-05]]"
[ 0.01549089  1.20306907 -0.15598673],"[[1.73816803e-07 1.34158071e-13 1.16687401e-06]
 [1.34158071e-13 2.35005174e-05 1.34664003e-12]
 [1.16687401e-06 1.34664003e-12 2.35005173e-05]]"
[ 0.01442812  1.13155871 -0.17123019],"[[1.03806119e-07 8.08783986e-14 8.21328945e-07]
 [8.08783986e-14 1.94954177e-05 9.60509701e-13]
 [8.21328945e-07 9.60509701e-13 1.94954178e-05]]"
[ 0.01352509  1.06027678 -0.18719111],"[[4.34840571e-08 3.35130476e-14 4.01220288e-07]
 [3.35130476e-14 1.11059819e-05 4.62871436e-13]
 [4.01220288e-07 4.62871436e-13 1.11059819e-05]]"
[ 0.01278934  1.02228981 -0.20306105],"[[1.80519014e-08 1.44270607e-14 1.91080401e-07]
 [1.44270607e-14 6.06779049e-06 2.24286698e-13]
 [1.91080401e-07 2.24286698e-13 6.06779053e-06]]"
[ 0.01251813  1.00653651 -0.20950774],"[[6.22343018e-09 5.03402579e-15 6.94371696e-08]
 [5.03402579e-15 2.32421033e-06 8.41767874e-14]
 [6.94371696e-08 8.41767874e-14 2.32421041e-06]]"
[ 0.01282238  1.0024599  -0.20385791],"[[5.81480943e-09 4.38517901e-15 6.16317074e-08]
 [4.38517901e-15 1.95972061e-06 6.89147144e-14]
 [6.16317074e-08 6.89147144e-14 1.95972061e-06]]"
[ 0.01363973  0.99612722 -0.1897777 ],"[[5.00844198e-09 3.65754080e-15 4.64565994e-08]
 [3.65754080e-15 1.29274670e-06 5.09898626e-14]
 [4.64565994e-08 5.09898626e-14 1.29274669e-06]]"
[ 0.01444798  0.99789048 -0.17894446],"[[5.51789037e-09 3.77318936e-15 4.55606414e-08]
 [3.77318936e-15 1.12856829e-06 4.66902729e-14]
 [4.55606414e-08 4.66902729e-14 1.12856828e-06]]"
[ 0.01515615  0.99626733 -0.17061757],"[[5.44101468e-09 3.51371691e-15 4.08343978e-08]
 [3.51371691e-15 9.19377051e-07 3.96588201e-14]
 [4.08343978e-08 3.96588201e-14 9.19377057e-07]]"
[0.01635382 0.99610269 0.1580071 ],"[[ 4.23919144e-09  2.52211565e-15 -2.73057226e-08]
 [ 2.52211565e-15  5.27649559e-07 -2.49071965e-14]
 [-2.73057226e-08 -2.49071965e-14  5.27649557e-07]]"
[0.01805809 0.99432026 0.1430449 ],"[[ 4.90159619e-09  2.67901137e-15 -2.58849770e-08]
 [ 2.67901137e-15  4.10090115e-07 -2.10595952e-14]
 [-2.58849770e-08 -2.10595952e-14  4.10090110e-07]]"
[0.01987704 0.9947424  0.13013297],"[[ 5.65005019e-09  2.81104397e-15 -2.46602454e-08]
 [ 2.81104397e-15  3.22896799e-07 -1.85134718e-14]
 [-2.46602454e-08 -1.85134718e-14  3.22896799e-07]]"
[0.02172868 0.99428254 0.1190469 ],"[[ 6.07017263e-09  2.73857611e-15 -2.21716092e-08]
 [ 2.73857611e-15  2.42948738e-07 -1.52272771e-14]
 [-2.21716092e-08 -1.52272771e-14  2.42948738e-07]]"
[0.02423066 0.99512486 0.10646212],"[[ 7.77467952e-09  3.16343956e-15 -2.27731433e-08]
 [ 3.16343956e-15  2.00117341e-07 -1.39768162e-14]
 [-2.27731433e-08 -1.39768162e-14  2.00117341e-07]]"
[0.02707796 0.99641412 0.09508943],"[[ 9.52264453e-09  3.44895171e-15 -2.22938235e-08]
 [ 3.44895171e-15  1.56578744e-07 -1.18886014e-14]
 [-2.22938235e-08 -1.18886014e-14  1.56578745e-07]]"
[0.03120415 0.99576565 0.08239948],"[[ 9.95329677e-09  3.15957915e-15 -1.75222457e-08]
 [ 3.15957915e-15  9.25409251e-08 -8.38453953e-15]
 [-1.75222457e-08 -8.38453953e-15  9.25409258e-08]]"
[0.03554179 0.99652356 0.07222911],"[[ 1.26478797e-08  3.54635776e-15 -1.71356164e-08]
 [ 3.54635776e-15  6.96470930e-08 -7.16883642e-15]
 [-1.71356164e-08 -7.16883642e-15  6.96470933e-08]]"
[ 0.03913723  0.99696353 -0.06528803],"[[1.59089654e-08 4.09034248e-15 1.76927188e-08]
 [4.09034248e-15 5.90294126e-08 6.82851740e-15]
 [1.76927188e-08 6.82851740e-15 5.90294125e-08]]"
[ 0.04316297  0.99742381 -0.05904513],"[[1.93528254e-08 4.47468984e-15 1.76493005e-08]
 [4.47468984e-15 4.82871824e-08 6.19099111e-15]
 [1.76493005e-08 6.19099111e-15 4.82871826e-08]]"
[ 0.04675394  0.99870112 -0.05433113],"[[2.04628445e-08 4.34380185e-15 1.58528341e-08]
 [4.34380185e-15 3.68441947e-08 5.02682775e-15]
 [1.58528341e-08 5.02682775e-15 3.68441948e-08]]"
[ 0.0505771   0.99908117 -0.05008259],"[[2.70748830e-08 5.24916513e-15 1.78736233e-08]
 [5.24916513e-15 3.53980922e-08 5.13857435e-15]
 [1.78736233e-08 5.13857435e-15 3.53980926e-08]]"
[ 0.05451841  0.99982163 -0.04644867],"[[3.74658693e-08 6.73768453e-15 2.12801806e-08]
 [6.73768453e-15 3.62606889e-08 5.71867343e-15]
 [2.12801806e-08 5.71867343e-15 3.62606891e-08]]"
[ 0.05762104  1.0017064  -0.04373514],"[[6.73357784e-08 1.16389002e-14 3.40727575e-08]
 [1.16389002e-14 5.17237416e-08 8.76050654e-15]
 [3.40727575e-08 8.76050654e-15 5.17237410e-08]]"
[ 0.05914909  1.0021398  -0.04238722],"[[1.21266759e-07 2.03555371e-14 5.79353336e-08]
 [2.03555371e-14 8.30360151e-08 1.45622568e-14]
 [5.79353336e-08 1.45622568e-14 8.30360156e-08]]"
[ 0.05860846  1.00301075 -0.04235349],"[[2.16208097e-07 3.66799643e-14 1.04162885e-07]
 [3.66799643e-14 1.50548108e-07 2.64087234e-14]
 [1.04162885e-07 2.64087234e-14 1.50548107e-07]]"
[ 0.05772613  1.00410059 -0.04279043],"[[2.84973033e-07 4.91914262e-14 1.40828764e-07]
 [4.91914262e-14 2.08785450e-07 3.64619483e-14]
 [1.40828764e-07 3.64619483e-14 2.08785445e-07]]"
[ 0.05524066  1.00577486 -0.0445813 ],"[[3.68017795e-07 6.53346585e-14 1.98004923e-07]
 [6.53346585e-14 3.19598260e-07 5.21519490e-14]
 [1.98004923e-07 5.21519490e-14 3.19598258e-07]]"
[0.05157978 1.00498628 0.04768887],"[[ 4.01036546e-07  7.77866479e-14 -2.47184976e-07]
 [ 7.77866479e-14  4.57068676e-07 -7.15375164e-14]
 [-2.47184976e-07 -7.15375164e-14  4.57068669e-07]]"
