popt,pcov
[0.00553593 1.02929938 0.50316931],"[[ 7.47727566e-08 -7.16897165e-08 -5.15142399e-06]
 [-7.16897165e-08  8.24680816e-04  1.80209031e-05]
 [-5.15142399e-06  1.80209031e-05  9.79795630e-04]]"
[0.00583772 1.04146155 0.47232528],"[[ 8.22405219e-08 -7.40393998e-08 -4.84924780e-06]
 [-7.40393998e-08  7.16148494e-04  1.58890329e-05]
 [-4.84924780e-06  1.58890329e-05  8.07660956e-04]]"
[0.00573551 1.04967412 0.4802104 ],"[[ 6.24201763e-08 -7.58818200e-08 -3.84936683e-06]
 [-7.58818200e-08  5.82928745e-04  1.70600079e-05]
 [-3.84936683e-06  1.70600079e-05  6.66498842e-04]]"
[0.00609532 1.10608573 0.44702574],"[[ 6.52856688e-08 -1.06518229e-07 -3.43382231e-06]
 [-1.06518229e-07  4.68527292e-04  2.03885060e-05]
 [-3.43382231e-06  2.03885060e-05  5.16159943e-04]]"
[0.00592639 1.03054729 0.46674492],"[[ 6.13979159e-08 -3.71436849e-08 -3.49797947e-06]
 [-3.71436849e-08  5.06181631e-04  7.69032026e-06]
 [-3.49797947e-06  7.69032026e-06  5.65354229e-04]]"
[ 0.00685934  1.05842873 -0.38717628],"[[ 3.67504708e-08 -8.56843003e-09  1.40979488e-06]
 [-8.56843003e-09  1.55674729e-04 -1.15987824e-06]
 [ 1.40979488e-06 -1.15987824e-06  1.59880284e-04]]"
[ 0.00792556  1.05558788 -0.325251  ],"[[ 2.92700891e-08 -6.62314088e-10  8.02702131e-07]
 [-6.62314088e-10  6.56923475e-05 -6.14778798e-08]
 [ 8.02702131e-07 -6.14778798e-08  6.59113443e-05]]"
[ 0.00872681  1.03653426 -0.29519085],"[[ 3.53300025e-08 -8.43367307e-11  7.97030801e-07]
 [-8.43367307e-11  5.38949621e-05 -6.29140325e-09]
 [ 7.97030801e-07 -6.29140325e-09  5.39243632e-05]]"
[ 0.00944751  1.02610394 -0.27388502],"[[ 2.85137731e-08 -8.76504965e-12  5.51105802e-07]
 [-8.76504965e-12  3.19496037e-05 -5.52714674e-10]
 [ 5.51105802e-07 -5.52714674e-10  3.19528441e-05]]"
[ 0.00996826  1.02730693 -0.26347954],"[[ 3.81770900e-08 -4.56686160e-12  6.72750903e-07]
 [-4.56686160e-12  3.55629857e-05 -2.61613071e-10]
 [ 6.72750903e-07 -2.61613071e-10  3.55644437e-05]]"
[ 0.01172519  1.01115569 -0.21774726],"[[3.27447342e-08 2.49663144e-14 4.05403507e-07]
 [2.49663144e-14 1.50575641e-05 3.97487960e-13]
 [4.05403507e-07 3.97487960e-13 1.50575654e-05]]"
[ 0.01186184  1.00985084 -0.21968233],"[[3.42640917e-08 2.51137247e-14 4.23053168e-07]
 [2.51137247e-14 1.56701028e-05 3.83454257e-13]
 [4.23053168e-07 3.83454257e-13 1.56701046e-05]]"
[ 0.01354151  1.00117418 -0.18938565],"[[4.83687264e-08 3.61026527e-14 4.50962503e-07]
 [3.61026527e-14 1.26135538e-05 5.01069568e-13]
 [4.50962503e-07 5.01069568e-13 1.26135538e-05]]"
[ 0.01417535  1.00200504 -0.18142918],"[[2.46564782e-08 1.72028940e-14 2.10379177e-07]
 [1.72028940e-14 5.38512398e-06 2.19001242e-13]
 [2.10379177e-07 2.19001242e-13 5.38512401e-06]]"
[0.01605844 0.99720816 0.16079119],"[[ 2.24109375e-08  1.36648364e-14 -1.49601036e-07]
 [ 1.36648364e-14  2.99592154e-06 -1.35878184e-13]
 [-1.49601036e-07 -1.35878184e-13  2.99592155e-06]]"
[0.01771391 0.99035712 0.14521935],"[[ 2.81848023e-08  1.53497857e-14 -1.54040625e-07]
 [ 1.53497857e-14  2.52567118e-06 -1.22032319e-13]
 [-1.54040625e-07 -1.22032319e-13  2.52567121e-06]]"
[0.01924752 0.99542203 0.13426487],"[[ 2.51622428e-08  1.29588114e-14 -1.17018058e-07]
 [ 1.29588114e-14  1.63259206e-06 -8.95657795e-14]
 [-1.17018058e-07 -8.95657795e-14  1.63259208e-06]]"
[0.02145766 0.99363561 0.11904379],"[[ 4.30508969e-08  1.99898451e-14 -1.59224017e-07]
 [ 1.99898451e-14  1.76667314e-06 -1.12238758e-13]
 [-1.59224017e-07 -1.12238758e-13  1.76667315e-06]]"
[0.02455771 0.99419813 0.10326824],"[[ 4.43167776e-08  1.79906284e-14 -1.24240307e-07]
 [ 1.79906284e-14  1.04490813e-06 -7.64525210e-14]
 [-1.24240307e-07 -7.64525210e-14  1.04490815e-06]]"
[0.02887013 0.99532649 0.0870406 ],"[[ 5.81866467e-08  2.02365307e-14 -1.16950858e-07]
 [ 2.02365307e-14  7.05187751e-07 -6.16841071e-14]
 [-1.16950858e-07 -6.16841071e-14  7.05187748e-07]]"
[0.03312988 0.99535423 0.07641859],"[[ 6.80748619e-08  1.99555432e-14 -1.04681060e-07]
 [ 1.99555432e-14  4.82915027e-07 -4.54958220e-14]
 [-1.04681060e-07 -4.54958220e-14  4.82915023e-07]]"
[0.03742628 0.99537359 0.06751111],"[[ 9.23972557e-08  2.44477665e-14 -1.11112726e-07]
 [ 2.44477665e-14  4.00857310e-07 -4.39013410e-14]
 [-1.11112726e-07 -4.39013410e-14  4.00857304e-07]]"
[0.04049926 0.99621454 0.06280805],"[[ 7.43160324e-08  1.80222654e-14 -7.68350539e-08]
 [ 1.80222654e-14  2.38318388e-07 -2.76465214e-14]
 [-7.68350539e-08 -2.76465214e-14  2.38318385e-07]]"
[ 0.04372317  0.99783402 -0.05804733],"[[7.28729285e-08 1.63034076e-14 6.44989764e-08]
 [1.63034076e-14 1.71261866e-07 2.17356127e-14]
 [6.44989764e-08 2.17356127e-14 1.71261866e-07]]"
[ 0.05043655  0.99740654 -0.05004011],"[[8.52595644e-08 1.67147986e-14 5.63931310e-08]
 [1.67147986e-14 1.11900121e-07 1.65659041e-14]
 [5.63931310e-08 1.65659041e-14 1.11900120e-07]]"
[ 0.05313296  0.99992174 -0.04772743],"[[7.60985475e-08 1.40882411e-14 4.55713033e-08]
 [1.40882411e-14 8.18705620e-08 1.25512345e-14]
 [4.55713033e-08 1.25512345e-14 8.18705630e-08]]"
[ 0.05626707  1.00094464 -0.04470971],"[[1.44183983e-07 2.52028316e-14 7.63798686e-08]
 [2.52028316e-14 1.21384170e-07 1.99763306e-14]
 [7.63798686e-08 1.99763306e-14 1.21384167e-07]]"
[ 0.05696889  1.00046943 -0.04330754],"[[3.95095173e-07 6.83875296e-14 2.00234991e-07]
 [6.83875296e-14 3.04438423e-07 5.17731071e-14]
 [2.00234991e-07 5.17731071e-14 3.04438425e-07]]"
[0.05742335 0.99921842 0.04340825],"[[ 4.13186719e-07  7.09159476e-14 -2.08230930e-07]
 [ 7.09159476e-14  3.14822221e-07 -5.33795828e-14]
 [-2.08230930e-07 -5.33795828e-14  3.14822224e-07]]"
[ 0.05781666  1.00023991 -0.04351665],"[[3.52886665e-07 6.05659681e-14 1.77071090e-07]
 [6.05659681e-14 2.66551615e-07 4.52680278e-14]
 [1.77071090e-07 4.52680278e-14 2.66551616e-07]]"
[ 0.05469373  0.99735528 -0.04476887],"[[4.95665238e-07 9.02065232e-14 2.70486954e-07]
 [9.02065232e-14 4.42818184e-07 7.42135032e-14]
 [2.70486954e-07 7.42135032e-14 4.42818173e-07]]"
[0.05149287 0.98748129 0.04852616],"[[ 6.12673553e-07  1.16917711e-13 -3.84932437e-07]
 [ 1.16917711e-13  7.25539645e-07 -1.09870048e-13]
 [-3.84932437e-07 -1.09870048e-13  7.25539644e-07]]"
